
input = [
((State 0  3  0  2),(13, 0, 0, 3), (State 0  3  0  0)),
((State 0  2  2  3), (4, 1, 3, 0), (State 0  2  2  3)),
((State 0  1  3  2), (6, 1, 3, 3), (State 0  1  3  0)),
((State 2  2  1  1), (0, 2, 3, 0), (State 2  2  1  1)),
((State 2  3  2  1), (12, 3, 2, 0), (State 1  3  2  1)),
((State 3  3  2  1), (12, 3, 2, 1), (State 3  1  2  1)),
((State 1  1  2  2), (10, 0, 2, 3), (State 1  1  2  0)),
((State 3  3  2  2), (7, 2, 1, 2), (State 3  3  1  2)),
((State 3  0  2  2), (1, 0, 3, 1), (State 3  1  2  2)),
((State 1  0  2  1), (10, 0, 2, 3), (State 1  0  2  0)),
((State 0  2  3  2), (9, 0, 2, 0), (State 0  2  3  2)),
((State 2  1  0  3), (3, 3, 1, 3), (State 2  1  0  0)),
((State 0  3  2  0), (13, 0, 0, 1), (State 0  0  2  0)),
((State 0  3  0  3), (13, 0, 0, 1), (State 0  0  0  3)),
((State 1  1  2  0), (10, 0, 2, 3), (State 1  1  2  0)),
((State 1  0  2  0), (10, 0, 2, 1), (State 1  0  2  0)),
((State 3  0  2  2), (1, 0, 3, 2), (State 3  0  1  2)),
((State 1  2  1  3), (4, 2, 3, 3), (State 1  2  1  0)),
((State 0  3  1  1), (13, 0, 0, 1), (State 0  0  1  1)),
((State 2  0  1  1), (1, 0, 2, 0), (State 1  0  1  1)),
((State 3  3  2  0), (7, 2, 1, 0), (State 1  3  2  0)),
((State 2  1  2  3), (15, 1, 2, 3), (State 2  1  2  0)),
((State 2  1  2  3), (4, 2, 3, 0), (State 0  1  2  3)),
((State 0  1  2  2), (5, 3, 2, 1), (State 0  4  2  2)),
((State 3  1  2  1), (11, 0, 2, 1), (State 3  1  2  1)),
((State 0  3  0  1), (9, 0, 3, 1), (State 0  0  0  1)),
((State 1  3  1  3), (0, 2, 0, 1), (State 1  2  1  3)),
((State 0  3  3  2), (2, 3, 3, 2), (State 0  3  0  2)),
((State 1  1  3  2), (2, 3, 3, 0), (State 0  1  3  2)),
((State 3  2  2  1), (12, 3, 2, 1), (State 3  1  2  1)),
((State 1  1  1  1), (0, 2, 0, 2), (State 1  1  2  1)),
((State 1  2  2  2), (5, 2, 2, 1), (State 1  4  2  2)),
((State 2  0  3  3), (8, 1, 0, 0), (State 0  0  3  3)),
((State 1  3  2  2), (10, 0, 2, 3), (State 1  3  2  0)),
((State 1  0  1  3), (0, 2, 0, 3), (State 1  0  1  2)),
((State 1  3  0  3), (14, 0, 2, 1), (State 1  0  0  3)),
((State 0  3  2  2), (2, 3, 3, 3), (State 0  3  2  0)),
((State 1  2  2  0), (5, 2, 2, 3), (State 1  2  2  4)),
((State 0  1  1  0), (9, 0, 1, 0), (State 0  1  1  0)),
((State 3  0  1  1), (8, 1, 0, 0), (State 0  0  1  1)),
((State 2  1  2  1), (12, 3, 2, 2), (State 2  1  1  1)),
((State 0  1  2  3), (15, 1, 2, 2), (State 0  1  0  3)),
((State 3  1  2  1), (15, 1, 2, 0), (State 0  1  2  1)),
((State 2  0  0  1), (8, 1, 0, 1), (State 2  0  0  1)),
((State 3  1  3  1), (3, 2, 1, 3), (State 3  1  3  0)),
((State 1  0  2  0), (3, 2, 2, 1), (State 1  1  2  0)),
((State 2  1  2  1), (12, 3, 2, 0), (State 1  1  2  1)),
((State 2  3  2  3), (3, 3, 2, 3), (State 2  3  2  0)),
((State 3  1  2  1), (5, 2, 2, 3), (State 3  1  2  4)),
((State 2  0  1  1), (0, 2, 3, 1), (State 2  2  1  1)),
((State 1  2  2  0), (10, 0, 2, 0), (State 0  2  2  0)),
((State 0  3  1  3), (13, 0, 0, 2), (State 0  3  0  3)),
((State 3  1  2  0), (15, 1, 2, 3), (State 3  1  2  0)),
((State 3  3  1  1), (0, 2, 3, 2), (State 3  3  2  1)),
((State 2  3  2  1), (12, 3, 2, 1), (State 2  1  2  1)),
((State 2  1  0  2), (2, 3, 3, 0), (State 0  1  0  2)),
((State 2  2  2  3), (3, 2, 1, 2), (State 2  2  1  3)),
((State 2  3  1  1), (7, 0, 1, 3), (State 2  3  1  1)),
((State 3  0  1  1), (0, 2, 3, 2), (State 3  0  2  1)),
((State 1  3  2  0), (5, 2, 2, 2), (State 1  3  4  0)),
((State 3  0  0  1), (8, 2, 0, 1), (State 3  0  0  1)),
((State 1  2  0  3), (14, 0, 2, 0), (State 0  2  0  3)),
((State 0  0  2  1), (12, 3, 2, 2), (State 0  0  1  1)),
((State 0  3  0  3), (9, 0, 3, 1), (State 0  0  0  3)),
((State 1  2  0  0), (14, 0, 2, 3), (State 1  2  0  0)),
((State 3  1  2  1), (12, 3, 2, 0), (State 1  1  2  1)),
((State 3  0  2  0), (11, 0, 2, 3), (State 3  0  2  1)),
((State 0  0  2  2), (13, 0, 0, 3), (State 0  0  2  0)),
((State 2  3  1  3), (7, 0, 1, 1), (State 2  1  1  3)),
((State 2  1  3  3), (4, 1, 3, 2), (State 2  1  0  3)),
((State 3  3  0  1), (2, 3, 3, 1), (State 3  0  0  1)),
((State 0  1  2  1), (9, 0, 1, 0), (State 0  1  2  1)),
((State 3  0  2  1), (12, 3, 2, 3), (State 3  0  2  1)),
((State 1  2  0  0), (14, 0, 2, 1), (State 1  0  0  0)),
((State 3  1  3  2), (6, 1, 3, 3), (State 3  1  3  0)),
((State 1  1  1  1), (0, 2, 3, 1), (State 1  2  1  1)),
((State 1  0  2  1), (2, 3, 3, 3), (State 1  0  2  0)),
((State 0  0  3  2), (2, 3, 3, 0), (State 0  0  3  2)),
((State 1  1  2  3), (10, 0, 2, 3), (State 1  1  2  0)),
((State 3  2  1  1), (0, 2, 3, 3), (State 3  2  1  2)),
((State 1  2  2  3), (10, 0, 2, 1), (State 1  0  2  3)),
((State 1  1  2  3), (15, 1, 2, 0), (State 0  1  2  3)),
((State 2  0  2  1), (12, 3, 2, 2), (State 2  0  1  1)),
((State 3  2  2  2), (1, 0, 3, 3), (State 3  2  2  1)),
((State 3  0  0  1), (8, 1, 0, 2), (State 3  0  0  1)),
((State 0  0  1  1), (13, 0, 0, 0), (State 0  0  1  1)),
((State 3  2  2  0), (11, 0, 2, 3), (State 3  2  2  1)),
((State 3  1  2  1), (15, 1, 2, 1), (State 3  0  2  1)),
((State 1  0  0  3), (14, 0, 2, 3), (State 1  0  0  0)),
((State 0  3  2  1), (12, 3, 2, 3), (State 0  3  2  1)),
((State 0  3  0  2), (2, 3, 3, 2), (State 0  3  0  2)),
((State 1  2  2  0), (10, 0, 2, 1), (State 1  0  2  0)),
((State 1  1  0  1), (14, 0, 2, 0), (State 0  1  0  1)),
((State 2  3  3  3), (7, 0, 1, 1), (State 2  1  3  3)),
((State 3  2  2  3), (4, 1, 3, 3), (State 3  2  2  0)),
((State 2  3  0  3), (7, 0, 1, 2), (State 2  3  1  3)),
((State 2  2  2  1), (12, 3, 2, 1), (State 2  1  2  1)),
((State 0  1  1  1), (9, 0, 2, 0), (State 0  1  1  1)),
((State 3  0  3  2), (1, 0, 3, 1), (State 3  1  3  2)),
((State 2  3  1  0), (1, 0, 2, 2), (State 2  3  1  0)),
((State 2  0  2  1), (3, 2, 0, 1), (State 2  1  2  1)),
((State 1  3  2  2), (10, 0, 2, 0), (State 0  3  2  2)),
((State 2  0  2  3), (8, 1, 0, 1), (State 2  0  2  3)),
((State 2  3  3  0), (7, 0, 1, 3), (State 2  3  3  1)),
((State 3  2  0  3), (8, 2, 0, 2), (State 3  2  0  3)),
((State 1  3  2  3), (10, 0, 2, 3), (State 1  3  2  0)),
((State 0  1  0  3), (4, 1, 3, 1), (State 0  0  0  3)),
((State 2  3  1  1), (1, 0, 2, 1), (State 2  1  1  1)),
((State 2  0  1  1), (0, 2, 3, 3), (State 2  0  1  2)),
((State 3  1  2  1), (11, 0, 2, 2), (State 3  1  1  1)),
((State 3  1  2  3), (11, 0, 2, 0), (State 1  1  2  3)),
((State 3  1  2  0), (7, 2, 0, 0), (State 1  1  2  0)),
((State 2  0  2  2), (5, 0, 2, 1), (State 2  4  2  2)),
((State 3  1  2  3), (15, 1, 2, 3), (State 3  1  2  0)),
((State 0  0  2  2), (9, 0, 3, 1), (State 0  0  2  2)),
((State 2  1  0  3), (11, 0, 1, 0), (State 1  1  0  3)),
((State 1  1  2  0), (15, 1, 2, 1), (State 1  0  2  0)),
((State 1  1  0  0), (14, 0, 2, 1), (State 1  0  0  0)),
((State 3  1  0  1), (2, 3, 3, 2), (State 3  1  0  1)),
((State 3  2  2  3), (4, 1, 3, 2), (State 3  2  0  3)),
((State 0  1  1  2), (6, 1, 3, 2), (State 0  1  0  2)),
((State 0  2  2  2), (13, 0, 0, 0), (State 0  2  2  2)),
((State 1  3  3  1), (2, 3, 3, 2), (State 1  3  0  1)),
((State 0  1  1  1), (0, 2, 3, 3), (State 0  1  1  2)),
((State 2  1  2  1), (15, 1, 2, 1), (State 2  0  2  1)),
((State 2  1  2  1), (3, 2, 0, 0), (State 1  1  2  1)),
((State 0  0  1  1), (9, 0, 3, 0), (State 0  0  1  1)),
((State 1  1  2  2), (6, 1, 3, 1), (State 1  0  2  2)),
((State 2  3  3  2), (7, 0, 1, 0), (State 1  3  3  2)),
((State 2  0  2  3), (8, 1, 0, 3), (State 2  0  2  0)),
((State 1  0  0  2), (14, 0, 2, 3), (State 1  0  0  0)),
((State 1  2  2  3), (4, 2, 3, 1), (State 1  0  2  3)),
((State 1  0  3  2), (2, 3, 3, 3), (State 1  0  3  0)),
((State 2  1  1  0), (1, 0, 2, 1), (State 2  1  1  0)),
((State 0  2  1  3), (4, 2, 3, 1), (State 0  0  1  3)),
((State 0  3  2  2), (5, 2, 2, 1), (State 0  4  2  2)),
((State 2  1  3  1), (3, 2, 3, 1), (State 2  0  3  1)),
((State 2  0  2  2), (8, 1, 0, 0), (State 0  0  2  2)),
((State 2  3  3  0), (7, 0, 1, 0), (State 1  3  3  0)),
((State 0  1  2  2), (13, 0, 0, 3), (State 0  1  2  0)),
((State 2  1  1  1), (11, 0, 1, 3), (State 2  1  1  1)),
((State 1  1  0  2), (14, 0, 2, 0), (State 0  1  0  2)),
((State 1  1  0  2), (14, 0, 2, 2), (State 1  1  0  2)),
((State 3  0  1  1), (8, 1, 0, 1), (State 3  0  1  1)),
((State 1  0  0  1), (14, 0, 2, 1), (State 1  0  0  1)),
((State 3  1  3  2), (6, 1, 3, 2), (State 3  1  0  2)),
((State 2  3  1  3), (1, 0, 2, 0), (State 1  3  1  3)),
((State 3  2  3  2), (1, 0, 3, 2), (State 3  2  1  2)),
((State 1  0  2  2), (10, 0, 2, 0), (State 0  0  2  2)),
((State 1  3  1  3), (0, 2, 0, 0), (State 2  3  1  3)),
((State 3  0  0  1), (8, 1, 0, 0), (State 0  0  0  1)),
((State 0  1  2  3), (13, 0, 0, 0), (State 0  1  2  3)),
((State 0  0  2  0), (13, 0, 0, 0), (State 0  0  2  0)),
((State 0  0  2  1), (9, 0, 2, 0), (State 0  0  2  1)),
((State 1  3  2  1), (10, 0, 2, 3), (State 1  3  2  0)),
((State 3  1  2  2), (15, 1, 2, 2), (State 3  1  0  2)),
((State 0  1  3  3), (9, 0, 3, 3), (State 0  1  3  0)),
((State 3  3  2  1), (12, 3, 2, 0), (State 1  3  2  1)),
((State 0  0  1  1), (0, 2, 3, 3), (State 0  0  1  2)),
((State 2  0  2  3), (4, 2, 3, 0), (State 0  0  2  3)),
((State 0  0  1  1), (13, 0, 0, 1), (State 0  0  1  1)),
((State 2  2  0  3), (3, 3, 3, 3), (State 2  2  0  1)),
((State 2  3  1  3), (1, 0, 2, 3), (State 2  3  1  1)),
((State 1  2  2  2), (10, 0, 2, 3), (State 1  2  2  0)),
((State 0  1  0  3), (13, 0, 0, 1), (State 0  0  0  3)),
((State 2  3  2  0), (7, 2, 1, 2), (State 2  3  1  0)),
((State 3  1  2  2), (5, 3, 2, 3), (State 3  1  2  4)),
((State 1  1  2  1), (10, 0, 2, 0), (State 0  1  2  1)),
((State 1  2  2  1), (12, 3, 2, 1), (State 1  1  2  1)),
((State 0  2  2  1), (12, 3, 2, 3), (State 0  2  2  1)),
((State 0  3  1  3), (9, 0, 2, 0), (State 0  3  1  3)),
((State 2  2  1  3), (4, 2, 3, 2), (State 2  2  0  3)),
((State 2  1  1  1), (2, 2, 3, 3), (State 2  1  1  0)),
((State 3  2  2  3), (7, 2, 0, 0), (State 1  2  2  3)),
((State 1  1  1  3), (3, 3, 2, 2), (State 1  1  0  3)),
((State 0  1  1  0), (13, 0, 0, 1), (State 0  0  1  0)),
((State 0  3  2  3), (3, 3, 3, 2), (State 0  3  1  3)),
((State 0  0  2  2), (9, 0, 2, 1), (State 0  0  2  2)),
((State 1  3  2  2), (10, 0, 2, 2), (State 1  3  0  2)),
((State 2  1  2  0), (15, 1, 2, 0), (State 0  1  2  0)),
((State 2  1  0  2), (11, 0, 1, 0), (State 1  1  0  2)),
((State 0  2  2  2), (5, 3, 2, 3), (State 0  2  2  4)),
((State 3  3  2  2), (7, 2, 0, 0), (State 1  3  2  2)),
((State 2  1  2  1), (12, 3, 2, 1), (State 2  1  2  1)),
((State 1  2  2  3), (3, 2, 2, 1), (State 1  1  2  3)),
((State 1  3  2  3), (7, 2, 1, 0), (State 1  3  2  3)),
((State 2  1  2  0), (15, 1, 2, 2), (State 2  1  0  0)),
((State 3  2  1  3), (4, 1, 3, 1), (State 3  0  1  3)),
((State 1  1  2  1), (12, 3, 2, 1), (State 1  1  2  1)),
((State 3  2  2  2), (5, 2, 2, 2), (State 3  2  4  2)),
((State 0  0  2  1), (12, 3, 2, 3), (State 0  0  2  1)),
((State 2  1  2  2), (11, 0, 1, 1), (State 2  1  2  2)),
((State 1  2  2  0), (5, 1, 2, 2), (State 1  2  4  0)),
((State 0  2  2  1), (12, 3, 2, 0), (State 1  2  2  1)),
((State 1  0  2  1), (10, 0, 2, 0), (State 0  0  2  1)),
((State 0  1  1  3), (4, 2, 3, 1), (State 0  0  1  3)),
((State 0  1  1  2), (6, 1, 3, 0), (State 0  1  1  2)),
((State 0  2  3  2), (13, 0, 0, 3), (State 0  2  3  0)),
((State 1  1  1  1), (0, 2, 3, 2), (State 1  1  2  1)),
((State 2  1  2  2), (5, 3, 2, 3), (State 2  1  2  4)),
((State 3  1  3  3), (3, 3, 0, 3), (State 3  1  3  1)),
((State 1  0  2  1), (12, 3, 2, 1), (State 1  1  2  1)),
((State 1  0  2  2), (10, 0, 2, 3), (State 1  0  2  0)),
((State 3  2  0  2), (1, 0, 3, 0), (State 1  2  0  2)),
((State 0  1  3  2), (9, 0, 3, 1), (State 0  0  3  2)),
((State 3  1  3  3), (3, 3, 3, 3), (State 3  1  3  1)),
((State 1  2  3  3), (4, 1, 3, 0), (State 0  2  3  3)),
((State 1  0  0  2), (14, 0, 2, 0), (State 0  0  0  2)),
((State 0  1  3  3), (4, 1, 3, 0), (State 0  1  3  3)),
((State 0  2  2  3), (5, 2, 2, 3), (State 0  2  2  4)),
((State 1  1  1  1), (0, 2, 0, 3), (State 1  1  1  2)),
((State 1  1  2  1), (10, 0, 2, 2), (State 1  1  0  1)),
((State 1  3  0  0), (14, 0, 2, 3), (State 1  3  0  0)),
((State 3  3  2  1), (7, 2, 0, 2), (State 3  3  1  1)),
((State 2  1  3  1), (11, 0, 1, 0), (State 1  1  3  1)),
((State 2  1  2  3), (3, 3, 3, 2), (State 2  1  1  3)),
((State 2  3  2  2), (5, 3, 2, 3), (State 2  3  2  4)),
((State 3  3  0  3), (8, 2, 0, 3), (State 3  3  0  0)),
((State 3  1  3  3), (4, 1, 3, 1), (State 3  0  3  3)),
((State 3  1  0  2), (1, 0, 3, 3), (State 3  1  0  1)),
((State 2  0  1  2), (8, 1, 0, 3), (State 2  0  1  0)),
((State 2  3  2  1), (12, 3, 2, 2), (State 2  3  1  1)),
((State 2  1  2  1), (12, 3, 2, 3), (State 2  1  2  1)),
((State 2  2  2  3), (5, 1, 2, 2), (State 2  2  4  3)),
((State 1  3  1  2), (0, 2, 0, 0), (State 2  3  1  2)),
((State 1  1  0  1), (14, 0, 2, 2), (State 1  1  0  1)),
((State 0  1  1  3), (4, 2, 3, 3), (State 0  1  1  0)),
((State 1  2  1  1), (0, 2, 3, 0), (State 2  2  1  1)),
((State 2  1  2  3), (11, 0, 1, 1), (State 2  1  2  3)),
((State 1  1  1  0), (0, 2, 0, 2), (State 1  1  2  0)),
((State 3  3  2  2), (7, 2, 1, 0), (State 1  3  2  2)),
((State 1  1  2  3), (10, 0, 2, 2), (State 1  1  0  3)),
((State 0  0  3  3), (9, 0, 3, 0), (State 0  0  3  3)),
((State 2  0  2  1), (12, 3, 2, 0), (State 1  0  2  1)),
((State 0  3  2  2), (13, 0, 0, 2), (State 0  3  0  2)),
((State 0  1  3  2), (2, 3, 3, 1), (State 0  0  3  2)),
((State 2  0  1  1), (2, 2, 3, 1), (State 2  0  1  1)),
((State 1  1  2  1), (10, 0, 2, 1), (State 1  0  2  1)),
((State 2  3  3  1), (7, 0, 1, 0), (State 1  3  3  1)),
((State 1  1  2  0), (15, 1, 2, 2), (State 1  1  0  0)),
((State 0  1  3  2), (6, 1, 3, 0), (State 0  1  3  2)),
((State 2  3  1  0), (1, 0, 2, 3), (State 2  3  1  1)),
((State 1  2  0  1), (2, 3, 3, 2), (State 1  2  0  1)),
((State 0  3  0  3), (3, 3, 3, 2), (State 0  3  1  3)),
((State 1  1  1  2), (0, 2, 0, 0), (State 2  1  1  2)),
((State 0  2  1  1), (0, 2, 3, 1), (State 0  2  1  1)),
((State 2  1  1  1), (0, 2, 3, 1), (State 2  2  1  1)),
((State 1  1  0  3), (14, 0, 2, 2), (State 1  1  0  3)),
((State 0  0  0  3), (13, 0, 0, 0), (State 0  0  0  3)),
((State 2  2  2  1), (12, 3, 2, 2), (State 2  2  1  1)),
((State 0  2  1  1), (9, 0, 1, 0), (State 0  2  1  1)),
((State 0  2  3  3), (9, 0, 2, 0), (State 0  2  3  3)),
((State 3  3  0  3), (8, 2, 0, 1), (State 3  0  0  3)),
((State 3  2  1  2), (1, 0, 3, 0), (State 1  2  1  2)),
((State 0  3  1  2), (9, 0, 2, 1), (State 0  0  1  2)),
((State 2  2  2  2), (5, 0, 2, 3), (State 2  2  2  4)),
((State 0  2  0  2), (9, 0, 1, 1), (State 0  0  0  2)),
((State 0  0  2  2), (5, 3, 2, 2), (State 0  0  4  2)),
((State 0  1  2  3), (4, 2, 3, 2), (State 0  1  0  3)),
((State 1  3  1  0), (0, 2, 0, 2), (State 1  3  2  0)),
((State 2  2  2  0), (5, 1, 2, 2), (State 2  2  4  0)),
((State 1  3  2  2), (10, 0, 2, 1), (State 1  0  2  2)),
((State 3  0  2  1), (11, 0, 2, 0), (State 1  0  2  1)),
((State 3  1  3  1), (3, 2, 1, 2), (State 3  1  0  1)),
((State 3  3  0  2), (1, 0, 3, 1), (State 3  1  0  2)),
((State 1  3  1  2), (2, 3, 3, 0), (State 0  3  1  2)),
((State 1  2  2  1), (10, 0, 2, 0), (State 0  2  2  1)),
((State 1  2  1  0), (0, 2, 0, 3), (State 1  2  1  2)),
((State 3  0  2  1), (8, 1, 0, 1), (State 3  0  2  1)),
((State 0  0  0  3), (13, 0, 0, 2), (State 0  0  0  3)),
((State 1  2  0  1), (2, 3, 3, 3), (State 1  2  0  0)),
((State 1  2  1  1), (0, 2, 3, 1), (State 1  2  1  1)),
((State 0  2  2  2), (13, 0, 0, 1), (State 0  0  2  2)),
((State 3  3  0  1), (8, 2, 0, 1), (State 3  0  0  1)),
((State 2  3  2  3), (5, 2, 2, 1), (State 2  4  2  3)),
((State 3  1  0  0), (8, 2, 0, 2), (State 3  1  0  0)),
((State 2  1  3  2), (6, 1, 3, 1), (State 2  0  3  2)),
((State 1  1  1  3), (0, 2, 0, 1), (State 1  2  1  3)),
((State 0  0  3  1), (13, 0, 0, 0), (State 0  0  3  1)),
((State 2  1  2  2), (5, 0, 2, 0), (State 4  1  2  2)),
((State 3  3  0  2), (8, 2, 0, 3), (State 3  3  0  0)),
((State 2  3  3  3), (7, 0, 1, 0), (State 1  3  3  3)),
((State 1  2  2  1), (10, 0, 2, 2), (State 1  2  0  1)),
((State 2  1  2  2), (6, 1, 3, 0), (State 0  1  2  2)),
((State 2  3  2  2), (7, 0, 1, 0), (State 1  3  2  2)),
((State 0  1  2  2), (15, 1, 2, 1), (State 0  0  2  2)),
((State 3  1  1  2), (1, 0, 3, 1), (State 3  1  1  2)),
((State 3  1  2  3), (4, 1, 3, 2), (State 3  1  0  3)),
((State 1  1  1  3), (0, 2, 0, 0), (State 2  1  1  3)),
((State 3  2  2  2), (11, 0, 2, 0), (State 1  2  2  2)),
((State 3  3  3  2), (1, 0, 3, 1), (State 3  1  3  2)),
((State 0  1  2  1), (9, 0, 2, 1), (State 0  0  2  1)),
((State 1  2  0  2), (14, 0, 2, 3), (State 1  2  0  0)),
((State 3  2  1  1), (0, 2, 3, 0), (State 2  2  1  1)),
((State 3  3  0  2), (8, 2, 0, 0), (State 0  3  0  2)),
((State 0  1  3  3), (9, 0, 1, 1), (State 0  0  3  3)),
((State 1  1  2  3), (4, 1, 3, 1), (State 1  0  2  3)),
((State 1  1  2  1), (15, 1, 2, 2), (State 1  1  0  1)),
((State 0  1  1  2), (6, 1, 3, 3), (State 0  1  1  0)),
((State 0  2  1  0), (13, 0, 0, 1), (State 0  0  1  0)),
((State 1  0  1  1), (0, 2, 0, 2), (State 1  0  2  1)),
((State 0  2  1  3), (13, 0, 0, 2), (State 0  2  0  3)),
((State 0  2  2  0), (13, 0, 0, 2), (State 0  2  0  0)),
((State 0  3  0  1), (9, 0, 1, 2), (State 0  3  0  1)),
((State 3  1  1  2), (6, 1, 3, 1), (State 3  0  1  2)),
((State 0  2  2  3), (9, 0, 1, 2), (State 0  2  0  3)),
((State 0  2  0  3), (9, 0, 1, 2), (State 0  2  0  3)),
((State 2  1  3  2), (6, 1, 3, 3), (State 2  1  3  0)),
((State 1  0  1  3), (4, 2, 3, 1), (State 1  0  1  3)),
((State 1  2  2  3), (10, 0, 2, 3), (State 1  2  2  0)),
((State 0  3  2  1), (12, 3, 2, 0), (State 1  3  2  1)),
((State 0  0  2  2), (13, 0, 0, 2), (State 0  0  0  2)),
((State 0  2  3  3), (9, 0, 2, 3), (State 0  2  3  0)),
((State 3  0  1  1), (0, 2, 3, 3), (State 3  0  1  2)),
((State 2  2  2  1), (12, 3, 2, 0), (State 1  2  2  1)),
((State 1  2  2  3), (4, 1, 3, 1), (State 1  0  2  3)),
((State 0  3  2  1), (5, 2, 2, 2), (State 0  3  4  1)),
((State 1  3  2  0), (7, 2, 1, 1), (State 1  1  2  0)),
((State 1  1  0  2), (2, 3, 3, 1), (State 1  0  0  2)),
((State 1  3  1  2), (0, 2, 0, 3), (State 1  3  1  2)),
((State 3  3  1  2), (1, 0, 3, 0), (State 1  3  1  2)),
((State 0  0  2  1), (12, 3, 2, 1), (State 0  1  2  1)),
((State 1  1  2  3), (15, 1, 2, 2), (State 1  1  0  3)),
((State 0  1  0  2), (6, 1, 3, 2), (State 0  1  0  2)),
((State 2  3  2  2), (5, 0, 2, 0), (State 4  3  2  2)),
((State 1  2  3  3), (4, 1, 3, 3), (State 1  2  3  0)),
((State 0  1  1  0), (13, 0, 0, 0), (State 0  1  1  0)),
((State 0  1  0  1), (13, 0, 0, 1), (State 0  0  0  1)),
((State 3  3  2  3), (5, 2, 2, 2), (State 3  3  4  3)),
((State 2  3  2  3), (7, 2, 1, 1), (State 2  1  2  3)),
((State 0  3  2  2), (7, 2, 1, 3), (State 0  3  2  1)),
((State 1  3  2  0), (10, 0, 2, 2), (State 1  3  0  0)),
((State 1  1  1  3), (3, 3, 1, 1), (State 1  0  1  3)),
((State 3  2  2  0), (7, 2, 0, 0), (State 1  2  2  0)),
((State 1  2  2  2), (10, 0, 2, 1), (State 1  0  2  2)),
((State 1  0  1  1), (0, 2, 3, 0), (State 2  0  1  1)),
((State 2  2  3  2), (2, 3, 3, 2), (State 2  2  0  2)),
((State 2  3  2  2), (5, 0, 2, 1), (State 2  4  2  2)),
((State 3  1  2  1), (5, 2, 2, 0), (State 4  1  2  1)),
((State 3  3  2  1), (11, 0, 2, 2), (State 3  3  1  1)),
((State 3  3  2  3), (7, 2, 0, 1), (State 3  1  2  3)),
((State 0  2  2  1), (9, 0, 3, 2), (State 0  2  0  1)),
((State 0  1  2  3), (15, 1, 2, 3), (State 0  1  2  0)),
((State 2  1  3  1), (11, 0, 1, 3), (State 2  1  3  1)),
((State 3  1  2  0), (11, 0, 2, 1), (State 3  1  2  0)),
((State 1  3  2  0), (10, 0, 2, 3), (State 1  3  2  0)),
((State 3  0  0  2), (8, 2, 0, 1), (State 3  0  0  2)),
((State 0  2  2  1), (12, 3, 2, 1), (State 0  1  2  1)),
((State 0  1  2  1), (15, 1, 2, 0), (State 0  1  2  1)),
((State 3  1  1  1), (2, 3, 3, 2), (State 3  1  0  1)),
((State 1  1  1  2), (6, 1, 3, 1), (State 1  0  1  2)),
((State 2  1  1  1), (2, 2, 3, 2), (State 2  1  0  1)),
((State 1  2  2  1), (12, 3, 2, 0), (State 1  2  2  1)),
((State 0  1  2  1), (13, 0, 0, 1), (State 0  0  2  1)),
((State 1  3  2  1), (12, 3, 2, 0), (State 1  3  2  1)),
((State 1  3  1  2), (0, 2, 0, 1), (State 1  2  1  2)),
((State 3  1  2  0), (15, 1, 2, 2), (State 3  1  0  0)),
((State 3  3  1  1), (0, 2, 3, 3), (State 3  3  1  2)),
((State 3  2  2  0), (5, 2, 2, 0), (State 4  2  2  0)),
((State 1  0  0  2), (2, 3, 3, 2), (State 1  0  0  2)),
((State 1  0  2  3), (10, 0, 2, 2), (State 1  0  0  3)),
((State 2  0  2  0), (8, 1, 0, 2), (State 2  0  0  0)),
((State 0  2  2  3), (4, 2, 3, 2), (State 0  2  0  3)),
((State 1  2  1  1), (0, 2, 0, 3), (State 1  2  1  2)),
((State 2  1  1  1), (1, 0, 2, 2), (State 2  1  1  1)),
((State 3  1  0  2), (1, 0, 3, 1), (State 3  1  0  2)),
((State 0  3  2  2), (13, 0, 0, 3), (State 0  3  2  0)),
((State 0  1  2  2), (9, 0, 3, 2), (State 0  1  0  2)),
((State 1  0  0  3), (14, 0, 2, 2), (State 1  0  0  3)),
((State 2  3  3  3), (3, 3, 3, 1), (State 2  1  3  3)),
((State 0  2  2  3), (3, 0, 0, 2), (State 0  2  1  3)),
((State 0  2  2  2), (5, 2, 2, 3), (State 0  2  2  4)),
((State 1  2  1  3), (4, 2, 3, 0), (State 0  2  1  3)),
((State 2  1  0  2), (6, 1, 3, 1), (State 2  0  0  2)),
((State 0  1  2  3), (5, 2, 2, 3), (State 0  1  2  4)),
((State 3  1  2  2), (1, 0, 3, 2), (State 3  1  1  2)),
((State 1  3  2  0), (10, 0, 2, 0), (State 0  3  2  0)),
((State 1  2  1  2), (0, 2, 0, 3), (State 1  2  1  2)),
((State 2  2  2  3), (3, 2, 0, 0), (State 1  2  2  3)),
((State 3  1  2  3), (4, 2, 3, 0), (State 0  1  2  3)),
((State 2  3  2  0), (5, 2, 2, 0), (State 4  3  2  0)),
((State 1  1  2  1), (12, 3, 2, 0), (State 1  1  2  1)),
((State 1  1  2  2), (15, 1, 2, 1), (State 1  0  2  2)),
((State 0  1  2  3), (15, 1, 2, 1), (State 0  0  2  3)),
((State 2  0  0  1), (2, 3, 3, 1), (State 2  0  0  1)),
((State 2  2  2  0), (5, 2, 2, 3), (State 2  2  2  4)),
((State 2  0  0  3), (8, 1, 0, 1), (State 2  0  0  3)),
((State 2  3  2  3), (4, 2, 3, 1), (State 2  0  2  3)),
((State 3  2  2  1), (12, 3, 2, 3), (State 3  2  2  1)),
((State 1  1  2  2), (6, 1, 3, 3), (State 1  1  2  0)),
((State 3  1  1  1), (0, 2, 3, 1), (State 3  2  1  1)),
((State 2  0  2  2), (5, 3, 2, 0), (State 4  0  2  2)),
((State 2  1  0  1), (2, 3, 3, 2), (State 2  1  0  1)),
((State 1  2  2  0), (10, 0, 2, 3), (State 1  2  2  0)),
((State 3  1  2  2), (15, 1, 2, 1), (State 3  0  2  2)),
((State 0  3  1  1), (0, 2, 3, 2), (State 0  3  2  1)),
((State 1  3  1  0), (0, 2, 0, 1), (State 1  2  1  0)),
((State 2  3  1  1), (2, 2, 3, 0), (State 0  3  1  1)),
((State 1  1  2  3), (10, 0, 2, 0), (State 0  1  2  3)),
((State 1  3  2  0), (7, 2, 1, 3), (State 1  3  2  1)),
((State 3  2  3  3), (3, 3, 3, 0), (State 1  2  3  3)),
((State 3  2  1  2), (1, 0, 3, 3), (State 3  2  1  1)),
((State 2  3  0  2), (7, 0, 1, 3), (State 2  3  0  1)),
((State 2  2  1  2), (1, 0, 2, 1), (State 2  1  1  2)),
((State 0  3  2  2), (7, 2, 1, 0), (State 1  3  2  2)),
((State 1  2  2  1), (12, 3, 2, 3), (State 1  2  2  1)),
((State 1  1  1  2), (0, 2, 0, 3), (State 1  1  1  2)),
((State 2  2  1  2), (1, 0, 2, 2), (State 2  2  1  2)),
((State 1  3  2  1), (12, 3, 2, 2), (State 1  3  1  1)),
((State 1  2  0  2), (2, 3, 3, 2), (State 1  2  0  2)),
((State 0  3  2  1), (9, 0, 2, 1), (State 0  0  2  1)),
((State 1  0  2  1), (10, 0, 2, 1), (State 1  0  2  1)),
((State 0  1  2  0), (13, 0, 0, 2), (State 0  1  0  0)),
((State 0  0  3  1), (9, 0, 3, 0), (State 0  0  3  1)),
((State 1  3  2  0), (5, 2, 2, 1), (State 1  4  2  0)),
((State 3  2  2  3), (3, 3, 1, 3), (State 3  2  2  0)),
((State 3  3  2  1), (11, 0, 2, 1), (State 3  1  2  1)),
((State 2  2  2  1), (3, 2, 0, 0), (State 1  2  2  1)),
((State 1  1  2  1), (12, 3, 2, 3), (State 1  1  2  1)),
((State 3  3  2  3), (11, 0, 2, 0), (State 1  3  2  3)),
((State 2  1  0  1), (11, 0, 1, 1), (State 2  1  0  1)),
((State 0  0  2  1), (12, 3, 2, 0), (State 1  0  2  1)),
((State 1  3  0  2), (14, 0, 2, 1), (State 1  0  0  2)),
((State 1  1  2  0), (10, 0, 2, 0), (State 0  1  2  0)),
((State 0  2  3  0), (13, 0, 0, 1), (State 0  0  3  0)),
((State 1  1  1  1), (2, 3, 3, 0), (State 0  1  1  1)),
((State 1  2  0  2), (14, 0, 2, 2), (State 1  2  0  2)),
((State 2  1  0  0), (11, 0, 1, 2), (State 2  1  1  0)),
((State 1  1  2  0), (10, 0, 2, 1), (State 1  0  2  0)),
((State 1  0  1  0), (0, 2, 0, 1), (State 1  2  1  0)),
((State 1  0  2  0), (10, 0, 2, 0), (State 0  0  2  0)),
((State 1  1  0  2), (6, 1, 3, 1), (State 1  0  0  2)),
((State 0  3  3  1), (3, 2, 3, 3), (State 0  3  3  0)),
((State 2  0  2  1), (8, 1, 0, 0), (State 0  0  2  1)),
((State 3  1  2  2), (11, 0, 2, 2), (State 3  1  1  2)),
((State 0  2  0  2), (9, 0, 1, 2), (State 0  2  0  2)),
((State 2  1  2  2), (5, 3, 2, 0), (State 4  1  2  2)),
((State 0  1  1  1), (0, 2, 3, 1), (State 0  2  1  1)),
((State 0  2  1  1), (9, 0, 2, 1), (State 0  0  1  1)),
((State 3  2  2  0), (11, 0, 2, 2), (State 3  2  1  0)),
((State 0  3  2  2), (5, 2, 2, 0), (State 4  3  2  2)),
((State 0  1  0  2), (3, 0, 0, 2), (State 0  1  1  2)),
((State 2  3  0  0), (7, 0, 1, 3), (State 2  3  0  1)),
((State 2  3  1  0), (7, 0, 1, 0), (State 1  3  1  0)),
((State 0  1  2  0), (9, 0, 2, 1), (State 0  0  2  0)),
((State 1  0  1  2), (0, 2, 0, 0), (State 2  0  1  2)),
((State 1  3  0  2), (14, 0, 2, 3), (State 1  3  0  0)),
((State 0  1  2  1), (15, 1, 2, 1), (State 0  0  2  1)),
((State 2  1  2  1), (11, 0, 1, 2), (State 2  1  1  1)),
((State 1  1  1  2), (6, 1, 3, 0), (State 0  1  1  2)),
((State 0  2  2  1), (13, 0, 0, 1), (State 0  0  2  1)),
((State 1  2  1  2), (0, 2, 0, 1), (State 1  2  1  2)),
((State 2  3  3  0), (7, 0, 1, 1), (State 2  1  3  0)),
((State 0  1  1  3), (4, 1, 3, 0), (State 0  1  1  3)),
((State 2  1  3  3), (11, 0, 1, 3), (State 2  1  3  1)),
((State 3  3  2  2), (1, 0, 3, 1), (State 3  1  2  2)),
((State 1  3  0  0), (14, 0, 2, 0), (State 0  3  0  0)),
((State 0  2  0  0), (3, 0, 0, 1), (State 0  1  0  0)),
((State 3  1  3  2), (1, 0, 3, 1), (State 3  1  3  2)),
((State 0  2  0  2), (13, 0, 0, 2), (State 0  2  0  2)),
((State 3  0  2  0), (8, 1, 0, 3), (State 3  0  2  0)),
((State 3  0  2  1), (11, 0, 2, 2), (State 3  0  1  1)),
((State 0  3  0  3), (13, 0, 0, 2), (State 0  3  0  3)),
((State 3  0  2  3), (7, 2, 0, 0), (State 1  0  2  3)),
((State 3  3  0  2), (1, 0, 3, 0), (State 1  3  0  2)),
((State 0  0  3  1), (3, 2, 3, 3), (State 0  0  3  0)),
((State 1  3  2  1), (10, 0, 2, 1), (State 1  0  2  1)),
((State 0  0  0  0), (13, 0, 0, 1), (State 0  0  0  0)),
((State 0  1  2  2), (13, 0, 0, 0), (State 0  1  2  2)),
((State 0  2  0  3), (9, 0, 1, 0), (State 0  2  0  3)),
((State 0  1  0  0), (13, 0, 0, 0), (State 0  1  0  0)),
((State 2  0  0  1), (2, 3, 3, 3), (State 2  0  0  0)),
((State 2  3  2  3), (7, 0, 1, 0), (State 1  3  2  3)),
((State 2  1  2  2), (6, 1, 3, 3), (State 2  1  2  0)),
((State 2  1  1  2), (11, 0, 1, 0), (State 1  1  1  2)),
((State 1  2  0  3), (14, 0, 2, 3), (State 1  2  0  0)),
((State 3  0  1  1), (0, 2, 3, 1), (State 3  2  1  1)),
((State 2  0  2  0), (3, 2, 2, 2), (State 2  0  1  0)),
((State 1  0  1  2), (0, 2, 0, 1), (State 1  2  1  2)),
((State 0  0  2  1), (9, 0, 2, 2), (State 0  0  0  1)),
((State 2  1  1  1), (11, 0, 1, 2), (State 2  1  1  1)),
((State 1  2  3  3), (3, 3, 2, 0), (State 1  2  3  3)),
((State 2  3  2  0), (3, 2, 0, 3), (State 2  3  2  1)),
((State 1  3  2  1), (12, 3, 2, 3), (State 1  3  2  1)),
((State 1  1  2  1), (5, 2, 2, 1), (State 1  4  2  1)),
((State 1  1  3  2), (6, 1, 3, 2), (State 1  1  0  2)),
((State 0  1  2  1), (12, 3, 2, 0), (State 1  1  2  1)),
((State 3  3  1  2), (1, 0, 3, 3), (State 3  3  1  1)),
((State 0  0  1  1), (0, 2, 3, 0), (State 2  0  1  1)),
((State 1  0  2  1), (12, 3, 2, 2), (State 1  0  1  1)),
((State 1  2  2  0), (10, 0, 2, 2), (State 1  2  0  0)),
((State 3  3  2  2), (1, 0, 3, 3), (State 3  3  2  1)),
((State 2  1  2  2), (6, 1, 3, 2), (State 2  1  0  2)),
((State 2  1  2  3), (3, 3, 2, 3), (State 2  1  2  0)),
((State 1  0  0  1), (14, 0, 2, 0), (State 0  0  0  1)),
((State 1  3  0  0), (14, 0, 2, 1), (State 1  0  0  0)),
((State 3  2  0  1), (8, 2, 0, 0), (State 0  2  0  1)),
((State 0  1  2  0), (15, 1, 2, 0), (State 0  1  2  0)),
((State 1  0  2  0), (10, 0, 2, 2), (State 1  0  0  0)),
((State 2  1  3  0), (11, 0, 1, 1), (State 2  1  3  0)),
((State 2  3  1  1), (1, 0, 2, 3), (State 2  3  1  1)),
((State 3  0  1  3), (8, 1, 0, 0), (State 0  0  1  3)),
((State 1  1  1  1), (0, 2, 0, 1), (State 1  2  1  1)),
((State 3  2  2  3), (5, 2, 2, 3), (State 3  2  2  4)),
((State 1  0  2  3), (4, 2, 3, 3), (State 1  0  2  0)),
((State 2  1  1  0), (1, 0, 2, 0), (State 1  1  1  0)),
((State 2  1  1  1), (1, 0, 2, 1), (State 2  1  1  1)),
((State 0  3  2  1), (13, 0, 0, 3), (State 0  3  2  0)),
((State 0  3  2  1), (12, 3, 2, 2), (State 0  3  1  1)),
((State 2  2  1  2), (1, 0, 2, 3), (State 2  2  1  1)),
((State 2  1  3  2), (11, 0, 1, 1), (State 2  1  3  2)),
((State 0  0  1  2), (13, 0, 0, 1), (State 0  0  1  2)),
((State 1  2  2  1), (12, 3, 2, 2), (State 1  2  1  1)),
((State 0  1  2  2), (6, 1, 3, 3), (State 0  1  2  0)),
((State 3  0  1  2), (1, 0, 3, 3), (State 3  0  1  1)),
((State 3  3  2  0), (3, 2, 2, 0), (State 1  3  2  0)),
((State 2  1  2  1), (11, 0, 1, 0), (State 1  1  2  1)),
((State 2  1  0  2), (6, 1, 3, 3), (State 2  1  0  0)),
((State 3  2  0  2), (8, 2, 0, 2), (State 3  2  0  2)),
((State 2  0  3  1), (2, 3, 3, 0), (State 0  0  3  1)),
((State 1  3  2  2), (5, 3, 2, 0), (State 4  3  2  2)),
((State 2  1  2  3), (5, 0, 2, 3), (State 2  1  2  4)),
((State 1  1  2  3), (4, 2, 3, 3), (State 1  1  2  0)),
((State 0  0  3  0), (13, 0, 0, 0), (State 0  0  3  0)),
((State 0  3  2  3), (7, 2, 1, 0), (State 1  3  2  3)),
((State 3  1  2  1), (12, 3, 2, 1), (State 3  1  2  1)),
((State 2  1  2  0), (15, 1, 2, 1), (State 2  0  2  0)),
((State 1  2  2  3), (10, 0, 2, 2), (State 1  2  0  3)),
((State 0  3  3  0), (3, 0, 0, 2), (State 0  3  1  0)),
((State 1  0  2  1), (12, 3, 2, 0), (State 1  0  2  1)),
((State 2  1  3  2), (6, 1, 3, 2), (State 2  1  0  2)),
((State 1  1  2  3), (5, 2, 2, 1), (State 1  4  2  3)),
((State 2  3  0  3), (7, 0, 1, 3), (State 2  3  0  1)),
((State 1  1  0  3), (14, 0, 2, 1), (State 1  0  0  3)),
((State 0  3  2  0), (13, 0, 0, 0), (State 0  3  2  0)),
((State 0  3  2  3), (7, 2, 1, 1), (State 0  1  2  3)),
((State 0  3  3  0), (3, 0, 0, 1), (State 0  1  3  0)),
((State 0  1  1  2), (9, 0, 2, 3), (State 0  1  1  0)),
((State 1  1  2  3), (15, 1, 2, 3), (State 1  1  2  0)),
((State 2  3  2  0), (7, 2, 1, 1), (State 2  1  2  0)),
((State 3  0  1  0), (8, 1, 0, 0), (State 0  0  1  0)),
((State 3  3  2  1), (12, 3, 2, 2), (State 3  3  1  1)),
((State 1  2  0  3), (14, 0, 2, 1), (State 1  0  0  3)),
((State 2  1  1  3), (4, 1, 3, 1), (State 2  0  1  3)),
((State 0  2  3  1), (13, 0, 0, 1), (State 0  0  3  1)),
((State 3  1  0  2), (6, 1, 3, 3), (State 3  1  0  0)),
((State 2  2  2  2), (2, 3, 3, 3), (State 2  2  2  0)),
((State 0  1  3  3), (9, 0, 2, 3), (State 0  1  3  0)),
((State 2  1  2  2), (15, 1, 2, 0), (State 0  1  2  2)),
((State 0  2  2  2), (5, 2, 2, 0), (State 4  2  2  2)),
((State 3  2  0  2), (8, 2, 0, 0), (State 0  2  0  2)),
((State 1  1  3  2), (6, 1, 3, 1), (State 1  0  3  2)),
((State 3  1  1  3), (4, 1, 3, 1), (State 3  0  1  3)),
((State 3  1  0  2), (8, 2, 0, 0), (State 0  1  0  2)),
((State 3  0  2  1), (12, 3, 2, 1), (State 3  1  2  1)),
((State 0  1  1  1), (13, 0, 0, 1), (State 0  0  1  1)),
((State 0  1  2  3), (4, 1, 3, 0), (State 0  1  2  3)),
((State 2  1  1  1), (1, 0, 2, 3), (State 2  1  1  1)),
((State 0  1  3  2), (6, 1, 3, 1), (State 0  0  3  2)),
((State 3  2  2  0), (5, 1, 2, 3), (State 3  2  2  4)),
((State 1  0  0  1), (14, 0, 2, 3), (State 1  0  0  0)),
((State 0  0  3  2), (13, 0, 0, 3), (State 0  0  3  0)),
((State 1  0  0  2), (14, 0, 2, 2), (State 1  0  0  2)),
((State 3  2  3  3), (3, 3, 2, 3), (State 3  2  3  1)),
((State 2  3  2  1), (5, 2, 2, 0), (State 4  3  2  1)),
((State 3  1  2  0), (15, 1, 2, 1), (State 3  0  2  0)),
((State 1  1  1  2), (6, 1, 3, 2), (State 1  1  0  2)),
((State 3  2  0  0), (8, 2, 0, 3), (State 3  2  0  0)),
((State 2  1  1  3), (11, 0, 1, 1), (State 2  1  1  3)),
((State 3  2  3  2), (1, 0, 3, 1), (State 3  1  3  2)),
((State 1  1  0  2), (6, 1, 3, 2), (State 1  1  0  2)),
((State 0  2  3  2), (13, 0, 0, 0), (State 0  2  3  2)),
((State 3  2  2  2), (7, 2, 0, 0), (State 1  2  2  2)),
((State 2  1  1  3), (1, 0, 2, 3), (State 2  1  1  1)),
((State 0  2  2  3), (13, 0, 0, 1), (State 0  0  2  3)),
((State 1  1  2  1), (15, 1, 2, 1), (State 1  0  2  1)),
((State 2  0  1  1), (8, 1, 0, 0), (State 0  0  1  1)),
((State 0  3  0  2), (9, 0, 3, 1), (State 0  0  0  2)),
((State 0  1  0  3), (3, 3, 3, 3), (State 0  1  0  1)),
((State 2  2  0  3), (4, 1, 3, 2), (State 2  2  0  3)),
((State 0  0  0  1), (13, 0, 0, 2), (State 0  0  0  1)),
((State 3  3  2  2), (2, 3, 3, 3), (State 3  3  2  0)),
((State 0  1  3  2), (6, 1, 3, 2), (State 0  1  0  2)),
((State 0  1  2  1), (12, 3, 2, 1), (State 0  1  2  1)),
((State 3  3  3  1), (2, 3, 3, 2), (State 3  3  0  1)),
((State 0  3  2  3), (9, 0, 2, 3), (State 0  3  2  0)),
((State 3  0  0  3), (8, 2, 0, 2), (State 3  0  0  3)),
((State 3  0  2  2), (11, 0, 2, 0), (State 1  0  2  2)),
((State 0  1  1  3), (3, 3, 1, 1), (State 0  0  1  3)),
((State 3  0  1  0), (8, 1, 0, 1), (State 3  0  1  0)),
((State 1  1  0  1), (14, 0, 2, 1), (State 1  0  0  1)),
((State 1  0  0  0), (14, 0, 2, 3), (State 1  0  0  0)),
((State 3  1  2  2), (6, 1, 3, 1), (State 3  0  2  2)),
((State 3  0  0  1), (8, 1, 0, 1), (State 3  0  0  1)),
((State 3  1  2  2), (15, 1, 2, 3), (State 3  1  2  0)),
((State 2  0  0  0), (8, 1, 0, 3), (State 2  0  0  0)),
((State 3  3  2  0), (11, 0, 2, 1), (State 3  1  2  0)),
((State 1  2  2  2), (10, 0, 2, 2), (State 1  2  0  2)),
((State 0  2  1  1), (0, 2, 3, 0), (State 2  2  1  1)),
((State 1  3  2  2), (7, 2, 1, 1), (State 1  1  2  2)),
((State 1  2  0  2), (14, 0, 2, 1), (State 1  0  0  2)),
((State 1  1  2  3), (4, 2, 3, 0), (State 0  1  2  3)),
((State 3  3  1  1), (0, 2, 3, 0), (State 2  3  1  1)),
((State 0  0  2  3), (13, 0, 0, 2), (State 0  0  0  3)),
((State 3  2  2  2), (7, 2, 0, 2), (State 3  2  1  2)),
((State 2  1  1  2), (6, 1, 3, 2), (State 2  1  0  2)),
((State 2  2  2  3), (5, 2, 2, 1), (State 2  4  2  3)),
((State 0  1  0  3), (9, 0, 3, 1), (State 0  0  0  3)),
((State 2  3  1  3), (7, 0, 1, 0), (State 1  3  1  3)),
((State 0  0  1  3), (4, 2, 3, 0), (State 0  0  1  3)),
((State 0  0  2  3), (9, 0, 2, 2), (State 0  0  0  3)),
((State 2  1  2  1), (11, 0, 1, 1), (State 2  1  2  1)),
((State 1  3  1  1), (0, 2, 3, 2), (State 1  3  2  1)),
((State 0  1  0  2), (6, 1, 3, 1), (State 0  0  0  2)),
((State 2  1  1  3), (4, 1, 3, 0), (State 0  1  1  3)),
((State 1  2  1  2), (0, 2, 0, 0), (State 2  2  1  2)),
((State 1  0  2  3), (10, 0, 2, 3), (State 1  0  2  0)),
((State 2  3  2  1), (2, 3, 3, 1), (State 2  0  2  1)),
((State 1  3  2  0), (10, 0, 2, 1), (State 1  0  2  0)),
((State 2  0  3  2), (8, 1, 0, 2), (State 2  0  0  2)),
((State 0  2  1  1), (9, 0, 1, 1), (State 0  0  1  1)),
((State 3  1  2  2), (6, 1, 3, 0), (State 0  1  2  2)),
((State 1  1  2  1), (10, 0, 2, 3), (State 1  1  2  0)),
((State 2  2  2  1), (2, 3, 3, 3), (State 2  2  2  0)),
((State 1  1  2  0), (15, 1, 2, 0), (State 0  1  2  0)),
((State 1  1  0  0), (14, 0, 2, 3), (State 1  1  0  0)),
((State 1  2  2  2), (10, 0, 2, 0), (State 0  2  2  2)),
((State 1  2  1  3), (4, 1, 3, 1), (State 1  0  1  3)),
((State 1  3  0  2), (14, 0, 2, 0), (State 0  3  0  2)),
((State 0  1  3  2), (9, 0, 2, 1), (State 0  0  3  2)),
((State 1  0  1  3), (0, 2, 0, 1), (State 1  2  1  3)),
((State 2  1  2  3), (4, 2, 3, 1), (State 2  0  2  3)),
((State 0  2  3  2), (9, 0, 3, 1), (State 0  0  3  2)),
((State 3  0  1  3), (8, 1, 0, 3), (State 3  0  1  0)),
((State 2  1  1  2), (11, 0, 1, 2), (State 2  1  1  2)),
((State 2  3  0  2), (7, 0, 1, 2), (State 2  3  1  2)),
((State 0  3  1  0), (13, 0, 0, 3), (State 0  3  1  0)),
((State 2  1  1  3), (1, 0, 2, 1), (State 2  1  1  3)),
((State 2  1  1  2), (6, 1, 3, 1), (State 2  0  1  2)),
((State 0  1  2  0), (5, 2, 2, 3), (State 0  1  2  4)),
((State 0  2  1  3), (3, 3, 2, 0), (State 0  2  1  3)),
((State 0  0  1  3), (4, 2, 3, 1), (State 0  0  1  3)),
((State 1  3  2  1), (10, 0, 2, 0), (State 0  3  2  1)),
((State 1  2  1  1), (0, 2, 0, 2), (State 1  2  2  1)),
((State 3  1  0  2), (6, 1, 3, 0), (State 0  1  0  2)),
((State 3  1  2  1), (12, 3, 2, 3), (State 3  1  2  1)),
((State 1  1  2  2), (15, 1, 2, 0), (State 0  1  2  2)),
((State 1  0  2  3), (10, 0, 2, 1), (State 1  0  2  3)),
((State 0  3  2  1), (7, 2, 1, 1), (State 0  1  2  1)),
((State 0  0  2  1), (2, 3, 3, 0), (State 0  0  2  1)),
((State 1  0  1  0), (0, 2, 0, 2), (State 1  0  2  0)),
((State 3  0  0  0), (8, 1, 0, 3), (State 3  0  0  0)),
((State 2  2  2  1), (12, 3, 2, 3), (State 2  2  2  1)),
((State 2  0  2  0), (8, 1, 0, 1), (State 2  0  2  0)),
((State 3  2  0  3), (3, 3, 0, 3), (State 3  2  0  1)),
((State 2  0  1  0), (1, 0, 2, 2), (State 2  0  1  0)),
((State 1  0  2  2), (3, 2, 2, 0), (State 1  0  2  2)),
((State 3  2  2  1), (12, 3, 2, 2), (State 3  2  1  1)),
((State 0  1  1  3), (3, 3, 3, 2), (State 0  1  1  3)),
((State 3  0  2  2), (5, 2, 2, 3), (State 3  0  2  4)),
((State 2  1  2  3), (11, 0, 1, 2), (State 2  1  1  3)),
((State 0  2  2  2), (5, 2, 2, 1), (State 0  4  2  2)),
((State 3  1  2  1), (2, 3, 3, 3), (State 3  1  2  0)),
((State 3  1  1  2), (6, 1, 3, 0), (State 0  1  1  2)),
((State 0  0  0  3), (3, 0, 0, 3), (State 0  0  0  1)),
((State 2  1  0  3), (3, 3, 3, 0), (State 1  1  0  3)),
((State 2  1  3  3), (3, 3, 3, 1), (State 2  1  3  3)),
((State 3  3  1  1), (2, 2, 3, 3), (State 3  3  1  0)),
((State 0  0  2  1), (13, 0, 0, 3), (State 0  0  2  0)),
((State 1  0  2  1), (12, 3, 2, 3), (State 1  0  2  1)),
((State 0  0  1  2), (2, 3, 3, 1), (State 0  0  1  2)),
((State 3  1  2  1), (12, 3, 2, 2), (State 3  1  1  1)),
((State 1  0  2  1), (10, 0, 2, 2), (State 1  0  0  1)),
((State 3  1  2  2), (1, 0, 3, 1), (State 3  1  2  2)),
((State 3  2  3  2), (1, 0, 3, 0), (State 1  2  3  2)),
((State 0  2  2  1), (12, 3, 2, 2), (State 0  2  1  1)),
((State 1  1  2  2), (10, 0, 2, 2), (State 1  1  0  2)),
((State 1  3  2  3), (10, 0, 2, 2), (State 1  3  0  3)),
((State 3  3  2  1), (7, 2, 0, 1), (State 3  1  2  1)),
((State 2  1  0  2), (6, 1, 3, 2), (State 2  1  0  2)),
((State 3  1  0  1), (2, 3, 3, 1), (State 3  0  0  1)),
((State 0  0  3  2), (13, 0, 0, 0), (State 0  0  3  2)),
((State 3  3  2  3), (11, 0, 2, 2), (State 3  3  1  3)),
((State 0  1  0  2), (6, 1, 3, 0), (State 0  1  0  2)),
((State 1  2  2  3), (10, 0, 2, 0), (State 0  2  2  3)),
((State 3  1  3  2), (6, 1, 3, 0), (State 0  1  3  2)),
((State 2  1  0  2), (11, 0, 1, 2), (State 2  1  1  2)),
((State 3  0  0  3), (8, 2, 0, 3), (State 3  0  0  0)),
((State 2  1  1  3), (11, 0, 1, 2), (State 2  1  1  3)),
((State 3  0  2  0), (7, 2, 0, 1), (State 3  1  2  0)),
((State 2  3  1  1), (1, 0, 2, 0), (State 1  3  1  1)),
((State 3  1  0  3), (4, 1, 3, 0), (State 0  1  0  3)),
((State 2  3  2  1), (12, 3, 2, 3), (State 2  3  2  1)),
((State 0  1  3  2), (13, 0, 0, 0), (State 0  1  3  2)),
((State 1  1  1  2), (2, 3, 3, 3), (State 1  1  1  0)),
((State 3  1  2  3), (4, 2, 3, 2), (State 3  1  0  3)),
((State 2  1  0  0), (11, 0, 1, 0), (State 1  1  0  0)),
((State 1  3  0  2), (14, 0, 2, 2), (State 1  3  0  2)),
((State 2  1  2  2), (15, 1, 2, 2), (State 2  1  0  2)),
((State 2  1  1  2), (11, 0, 1, 1), (State 2  1  1  2)),
((State 1  0  2  2), (10, 0, 2, 1), (State 1  0  2  2)),
((State 0  3  2  0), (7, 2, 1, 1), (State 0  1  2  0)),
((State 2  0  2  3), (3, 2, 2, 1), (State 2  1  2  3)),
((State 2  0  0  0), (8, 1, 0, 2), (State 2  0  0  0)),
((State 3  1  2  2), (1, 0, 3, 0), (State 1  1  2  2)),
((State 3  3  2  2), (11, 0, 2, 3), (State 3  3  2  1)),
((State 0  2  0  3), (13, 0, 0, 1), (State 0  0  0  3)),
((State 3  2  2  2), (5, 1, 2, 1), (State 3  4  2  2)),
((State 0  1  3  2), (13, 0, 0, 3), (State 0  1  3  0)),
((State 2  0  1  1), (1, 0, 2, 1), (State 2  1  1  1)),
((State 2  3  0  2), (7, 0, 1, 0), (State 1  3  0  2)),
((State 0  3  2  3), (4, 2, 3, 0), (State 0  3  2  3)),
((State 0  1  3  3), (3, 3, 2, 3), (State 0  1  3  1)),
((State 1  3  0  3), (3, 3, 3, 2), (State 1  3  1  3)),
((State 0  1  3  3), (13, 0, 0, 3), (State 0  1  3  0)),
((State 1  3  0  3), (14, 0, 2, 2), (State 1  3  0  3)),
((State 0  1  0  2), (6, 1, 3, 3), (State 0  1  0  0)),
((State 0  3  3  3), (9, 0, 3, 3), (State 0  3  3  0)),
((State 0  3  2  2), (7, 2, 1, 2), (State 0  3  1  2)),
((State 1  1  2  0), (15, 1, 2, 3), (State 1  1  2  0)),
((State 1  3  2  3), (10, 0, 2, 0), (State 0  3  2  3)),
((State 2  1  2  1), (15, 1, 2, 3), (State 2  1  2  0)),
((State 3  1  2  1), (15, 1, 2, 2), (State 3  1  0  1)),
((State 1  1  2  3), (5, 2, 2, 2), (State 1  1  4  3)),
((State 3  0  2  2), (8, 1, 0, 1), (State 3  0  2  2)),
((State 3  0  2  3), (4, 2, 3, 2), (State 3  0  0  3)),
((State 0  2  2  3), (9, 0, 2, 0), (State 0  2  2  3)),
((State 3  1  2  2), (6, 1, 3, 3), (State 3  1  2  0)),
((State 3  0  2  2), (7, 2, 0, 2), (State 3  0  1  2)),
((State 1  2  2  2), (5, 3, 2, 1), (State 1  4  2  2)),
((State 0  3  1  3), (9, 0, 3, 0), (State 0  3  1  3)),
((State 0  3  0  1), (2, 3, 3, 3), (State 0  3  0  0)),
((State 0  0  0  2), (13, 0, 0, 0), (State 0  0  0  2)),
((State 2  1  1  2), (11, 0, 1, 3), (State 2  1  1  1)),
((State 2  3  3  3), (7, 0, 1, 3), (State 2  3  3  1)),
((State 0  3  3  2), (9, 0, 3, 2), (State 0  3  0  2)),
((State 3  1  2  0), (11, 0, 2, 3), (State 3  1  2  1)),
((State 3  1  2  2), (11, 0, 2, 3), (State 3  1  2  1)),
((State 2  2  1  1), (2, 3, 3, 0), (State 0  2  1  1)),
((State 3  1  2  0), (11, 0, 2, 2), (State 3  1  1  0)),
((State 0  0  3  1), (13, 0, 0, 3), (State 0  0  3  0)),
((State 3  1  2  3), (15, 1, 2, 2), (State 3  1  0  3)),
((State 3  0  3  3), (8, 1, 0, 0), (State 0  0  3  3)),
((State 1  3  0  1), (14, 0, 2, 2), (State 1  3  0  1)),
((State 2  1  2  2), (15, 1, 2, 3), (State 2  1  2  0)),
((State 3  0  1  2), (2, 3, 3, 0), (State 0  0  1  2)),
((State 3  2  2  0), (5, 2, 2, 1), (State 3  4  2  0)),
((State 1  0  1  1), (2, 2, 3, 3), (State 1  0  1  0)),
((State 0  2  3  0), (9, 0, 1, 1), (State 0  0  3  0)),
((State 0  2  1  1), (9, 0, 1, 3), (State 0  2  1  0)),
((State 1  3  1  3), (0, 2, 0, 3), (State 1  3  1  2)),
((State 3  3  2  2), (5, 3, 2, 0), (State 4  3  2  2)),
((State 1  2  0  1), (14, 0, 2, 1), (State 1  0  0  1)),
((State 1  2  1  1), (0, 2, 3, 3), (State 1  2  1  2)),
((State 0  3  1  3), (13, 0, 0, 0), (State 0  3  1  3)),
((State 1  2  0  1), (14, 0, 2, 0), (State 0  2  0  1)),
((State 1  2  0  1), (14, 0, 2, 2), (State 1  2  0  1)),
((State 2  3  3  1), (7, 0, 1, 3), (State 2  3  3  1)),
((State 1  1  1  2), (0, 2, 0, 2), (State 1  1  2  2)),
((State 1  0  3  1), (2, 3, 3, 0), (State 0  0  3  1)),
((State 1  3  0  3), (14, 0, 2, 3), (State 1  3  0  0)),
((State 0  2  2  1), (3, 0, 0, 1), (State 0  1  2  1)),
((State 2  1  2  0), (11, 0, 1, 3), (State 2  1  2  1)),
((State 0  0  0  1), (2, 3, 3, 0), (State 0  0  0  1)),
((State 2  2  1  1), (1, 0, 2, 0), (State 1  2  1  1)),
((State 2  1  1  3), (11, 0, 1, 3), (State 2  1  1  1)),
((State 0  3  1  1), (9, 0, 1, 2), (State 0  3  0  1)),
((State 2  1  2  3), (15, 1, 2, 2), (State 2  1  0  3)),
((State 0  2  1  2), (9, 0, 3, 0), (State 0  2  1  2)),
((State 0  1  2  0), (15, 1, 2, 1), (State 0  0  2  0)),
((State 1  1  0  3), (14, 0, 2, 3), (State 1  1  0  0)),
((State 2  0  2  1), (12, 3, 2, 3), (State 2  0  2  1)),
((State 0  2  3  3), (9, 0, 1, 2), (State 0  2  0  3)),
((State 1  1  0  3), (4, 1, 3, 3), (State 1  1  0  0)),
((State 0  2  2  3), (4, 1, 3, 1), (State 0  0  2  3)),
((State 0  2  0  3), (9, 0, 1, 1), (State 0  0  0  3)),
((State 3  0  2  3), (11, 0, 2, 0), (State 1  0  2  3)),
((State 0  1  2  1), (12, 3, 2, 2), (State 0  1  1  1)),
((State 3  0  2  1), (11, 0, 2, 3), (State 3  0  2  1)),
((State 3  1  2  2), (7, 2, 0, 0), (State 1  1  2  2)),
((State 2  0  1  2), (1, 0, 2, 1), (State 2  1  1  2)),
((State 3  0  2  1), (12, 3, 2, 0), (State 1  0  2  1)),
((State 3  1  0  3), (3, 3, 3, 3), (State 3  1  0  1)),
((State 1  1  2  2), (15, 1, 2, 2), (State 1  1  0  2)),
((State 1  2  2  1), (10, 0, 2, 1), (State 1  0  2  1)),
((State 1  1  2  2), (10, 0, 2, 0), (State 0  1  2  2)),
((State 3  1  3  2), (6, 1, 3, 1), (State 3  0  3  2)),
((State 0  3  0  2), (9, 0, 1, 2), (State 0  3  0  2)),
((State 0  2  3  1), (9, 0, 1, 2), (State 0  2  0  1)),
((State 3  3  0  2), (2, 3, 3, 3), (State 3  3  0  0))]


